700 37476
700 94079
700 29523
700 37158
700 31188
700 28284
700 37131
700 30191
700 29743
700 34380
700 28227
700 27207
700 33639
700 33857
700 54784
700 31816
700 46776
700 44331
700 34424
700 37070
700 40841
700 29508
700 36428
700 28191
700 45702
700 28789
700 37150
700 29893
700 37658
700 33535
700 31440
700 29552
700 35630
700 33240
700 29526
700 43725
700 37162
700 37983
700 29518
700 31713
700 34897
700 30129
700 26225
700 32901
700 26863
700 29818
700 30659
700 46678
700 42242
700 57069
