100 32991
100 34848
100 36817
100 30923
100 29846
100 33122
100 33764
100 29390
100 34923
100 28553
100 29486
100 38511
100 28496
100 44448
100 36019
100 31538
100 39991
100 30204
100 44157
100 41426
100 28525
100 28281
100 55624
100 30791
100 35856
100 30791
100 30750
100 33936
100 28754
100 37125
100 34688
100 29816
100 29306
100 33158
100 29468
100 30913
100 35081
100 29175
100 26244
100 30520
100 31908
100 31447
100 32586
100 34200
100 31166
100 33000
100 29653
100 29116
100 33220
100 25917
