400 36091
400 42416
400 40830
400 31793
400 30052
400 30080
400 35986
400 27112
400 28485
400 31703
400 34550
400 27854
400 32536
400 57191
400 29904
400 38219
400 25721
400 44000
400 36563
400 26149
400 28827
400 35240
400 28818
400 27948
400 37997
400 36148
400 50277
400 54814
400 59819
400 66356
400 80803
400 91852
400 90854
400 103368
400 120134
400 134894
400 109665
400 143079
400 119205
400 113484
400 121514
400 111390
400 87432
400 35190
400 43072
400 41643
400 35879
400 40802
400 51935
400 29880
