700 27274
700 23236
700 17022
700 25351
700 23243
700 14380
700 25544
700 27290
700 31906
700 19331
700 15743
700 37059
700 19419
700 33429
700 15266
700 27718
700 17287
700 22471
700 41928
700 17359
700 77556
700 20248
700 22662
700 27566
700 17640
700 22345
700 25204
700 17112
700 22312
700 16221
700 16385
700 24745
700 18851
700 21080
700 21158
700 28662
700 19613
700 32687
700 14919
700 21326
700 18128
700 20852
700 22477
700 16075
700 24613
700 21533
700 15860
700 24799
700 22777
700 15853
