600 39434
600 40419
600 34368
600 39471
600 38716
600 42361
600 46796
600 47366
600 39806
600 46910
600 38221
600 36167
600 36886
600 38560
600 29537
600 35455
600 55523
600 47528
600 57166
600 70738
600 74866
600 72552
600 91887
600 126329
600 93958
600 108398
600 123015
600 118809
600 117606
600 137156
600 118312
600 118488
600 125298
600 88456
600 35038
600 32262
600 31381
600 30724
600 27212
600 31575
600 35807
600 44263
600 35850
600 27881
600 26529
600 31493
600 47452
600 28079
600 51675
600 45925
