500 28260
500 18643
500 43972
500 32151
500 23063
500 15928
500 21060
500 18876
500 37343
500 26422
500 26161
500 27475
500 28736
500 28617
500 25942
500 17724
500 24734
500 23968
500 29717
500 18079
500 29804
500 19720
500 23821
500 17177
500 21753
500 27962
500 18245
500 24798
500 23874
500 30145
500 22179
500 22915
500 32404
500 21762
500 23534
500 19581
500 21266
500 23252
500 37788
500 22225
500 17570
500 27583
500 20755
500 20499
500 17086
500 32395
500 26361
500 21866
500 14757
500 17950
