800 41160
800 35984
800 39455
800 32226
800 38799
800 42121
800 33600
800 55587
800 34797
800 49609
800 70334
800 69742
800 65953
800 94780
800 104838
800 108020
800 119994
800 112171
800 116875
800 116141
800 134380
800 127964
800 113934
800 120677
800 121240
800 54196
800 28892
800 49671
800 38035
800 38010
800 43311
800 41503
800 38137
800 28323
800 35682
800 37321
800 32499
800 36085
800 29398
800 28173
800 37578
800 28538
800 30948
800 30322
800 35644
800 31607
800 35610
800 35389
800 37230
800 52333
