200 49441
200 33119
200 40091
200 31387
200 39036
200 61540
200 51422
200 59390
200 43383
200 39612
200 36831
200 41482
200 31136
200 40042
200 29510
200 68019
200 44465
200 35715
200 43282
200 33401
200 34669
200 36131
200 33333
200 38585
200 48204
200 35936
200 35744
200 29746
200 35136
200 29941
200 39653
200 42490
200 50276
200 70680
200 78539
200 84304
200 131897
200 98097
200 103518
200 116015
200 141213
200 119233
200 122763
200 130565
200 116008
200 123313
200 120358
200 34295
200 31926
200 35329
