1000 23050
1000 23453
1000 20645
1000 24416
1000 26552
1000 14328
1000 20909
1000 18121
1000 16767
1000 21329
1000 15452
1000 22683
1000 25076
1000 16736
1000 21398
1000 21240
1000 13619
1000 26686
1000 23372
1000 18831
1000 22904
1000 27998
1000 17485
1000 18449
1000 22185
1000 16965
1000 31408
1000 21811
1000 24087
1000 21513
1000 26319
1000 25493
1000 21707
1000 15512
1000 19325
1000 16578
1000 20755
1000 21514
1000 18032
1000 19871
1000 18316
1000 17105
1000 28512
1000 27155
1000 29626
1000 27404
1000 29159
1000 33294
1000 33372
1000 37972
