900 41680
900 34919
900 36871
900 43295
900 34712
900 43074
900 42480
900 50685
900 32551
900 36793
900 39215
900 49905
900 40567
900 38212
900 34165
900 42409
900 50187
900 36359
900 32374
900 34898
900 34720
900 30837
900 45174
900 40872
900 53613
900 39143
900 32412
900 37121
900 31463
900 38988
900 37743
900 33610
900 37051
900 35713
900 27352
900 33748
900 39571
900 45493
900 54702
900 73998
900 79072
900 95893
900 92875
900 93201
900 111200
900 108232
900 112778
900 118794
900 117727
900 122218
