500 46514
500 42488
500 53410
500 55804
500 34632
500 63148
500 26994
500 33810
500 29686
500 29674
500 34439
500 29870
500 30098
500 33369
500 28578
500 29696
500 34706
500 59441
500 39226
500 43031
500 32984
500 31720
500 38323
500 35502
500 63825
500 32812
500 44194
500 34185
500 36073
500 31526
500 37762
500 28547
500 34173
500 31259
500 28862
500 38327
500 32933
500 28708
500 30002
500 33222
500 29444
500 36840
500 33987
500 26451
500 27784
500 39606
500 30530
500 28910
500 36107
500 29592
