900 17258
900 19725
900 24895
900 19822
900 16014
900 22973
900 20203
900 14832
900 28252
900 27626
900 23454
900 16125
900 27136
900 20864
900 18374
900 24280
900 20101
900 25107
900 14523
900 22628
900 16398
900 17568
900 23852
900 15212
900 19488
900 16696
900 26125
900 21711
900 16965
900 18727
900 18072
900 19644
900 25367
900 20394
900 15237
900 25636
900 24741
900 19461
900 17837
900 25469
900 16551
900 23257
900 26521
900 17379
900 23199
900 19714
900 18319
900 22569
900 27472
900 18176
