1000 10686
1000 9274
1000 11979
1000 7755
1000 15193
1000 7230
1000 14096
1000 16322
1000 6297
1000 13730
1000 6530
1000 7089
1000 7153
1000 12003
1000 6610
1000 7362
1000 8408
1000 12049
1000 7077
1000 9898
1000 6492
1000 6233
1000 7591
1000 12684
1000 6488
1000 6134
1000 7953
1000 9909
1000 9532
1000 6021
1000 21102
1000 6289
1000 6601
1000 9760
1000 7416
1000 6001
1000 6557
1000 7741
1000 11906
1000 6242
1000 7688
1000 18862
1000 8911
1000 9768
1000 13206
1000 8699
1000 10037
1000 16582
1000 12131
1000 21625
