600 33090
600 22210
600 17600
600 28074
600 26978
600 23328
600 15835
600 19689
600 17572
600 34652
600 15857
600 24716
600 16626
600 19151
600 26451
600 17634
600 19722
600 17834
600 16126
600 24326
600 14670
600 18993
600 25038
600 15991
600 18481
600 21380
600 25551
600 24670
600 21869
600 19510
600 14264
600 30218
600 26381
600 21586
600 14602
600 23597
600 17437
600 19963
600 23858
600 16817
600 18693
600 24513
600 18883
600 19104
600 31876
600 26690
600 16445
600 22235
600 30215
600 20888
