200 23435
200 25495
200 30291
200 27900
200 32476
200 38243
200 33842
200 50600
200 54910
200 39164
200 45979
200 56375
200 54662
200 47516
200 70713
200 59877
200 61322
200 49194
200 62303
200 58114
200 50515
200 74338
200 58728
200 16413
200 21352
200 21885
200 15841
200 25056
200 20707
200 17053
200 24332
200 24902
200 15234
200 20151
200 33553
200 15925
200 17692
200 22955
200 26902
200 17057
200 24838
200 20549
200 15287
200 30078
200 19645
200 23577
200 14465
200 21945
200 17092
200 20480
