100 28197
100 19508
100 46517
100 21056
100 28606
100 22819
100 15919
100 22678
100 24546
100 16791
100 25033
100 24095
100 24613
100 16932
100 21584
100 19738
100 25308
100 21242
100 33489
100 24235
100 32527
100 19545
100 38353
100 27988
100 16094
100 28957
100 26455
100 28608
100 28089
100 22491
100 19184
100 26514
100 24076
100 17038
100 23906
100 21312
100 17444
100 22650
100 33530
100 20194
100 16659
100 19135
100 27744
100 16967
100 25107
100 20059
100 14795
100 22614
100 28448
100 16036
