400 25669
400 24854
400 32443
400 21706
400 35094
400 18765
400 21461
400 25211
400 29525
400 20488
400 25611
400 17417
400 27066
400 19439
400 22765
400 20999
400 20744
400 17730
400 28276
400 22820
400 18854
400 23883
400 28561
400 24032
400 17055
400 32477
400 19995
400 26974
400 17943
400 17800
400 33873
400 28161
400 24212
400 18271
400 21809
400 30838
400 24655
400 21491
400 38320
400 18208
400 43591
400 31000
400 25095
400 24769
400 24108
400 17366
400 22778
400 32995
400 23924
400 23639
