1000 60970
1000 49177
1000 59875
1000 63685
1000 78140
1000 96451
1000 89167
1000 111455
1000 104239
1000 123597
1000 83345
1000 48559
1000 34870
1000 45160
1000 38473
1000 30472
1000 38529
1000 35513
1000 30949
1000 51994
1000 31433
1000 35634
1000 38196
1000 31102
1000 36237
1000 39757
1000 35448
1000 35650
1000 45481
1000 28493
1000 32307
1000 28823
1000 28052
1000 34701
1000 31389
1000 30697
1000 34783
1000 35274
1000 31526
1000 33572
1000 40737
1000 33142
1000 36238
1000 43059
1000 30916
1000 32408
1000 29652
1000 28039
1000 38776
1000 31276
