300 26033
300 28341
300 24116
300 39682
300 27249
300 30472
300 61907
300 55956
300 48299
300 52903
300 68587
300 28783
300 25631
300 29114
300 20485
300 25785
300 17901
300 30806
300 22665
300 29595
300 16358
300 27112
300 24543
300 25959
300 28905
300 18216
300 23780
300 25448
300 32115
300 27530
300 29359
300 29731
300 19989
300 19967
300 21261
300 23171
300 24621
300 26743
300 27693
300 27320
300 18922
300 22757
300 23917
300 23265
300 19434
300 28301
300 16254
300 35520
300 24230
300 24894
