300 44809
300 40029
300 52100
300 56965
300 61471
300 71131
300 81842
300 74187
300 35610
300 29582
300 45461
300 34138
300 36902
300 31359
300 35865
300 37350
300 30887
300 29780
300 31112
300 29631
300 30909
300 36929
300 32307
300 31805
300 40044
300 31458
300 27832
300 33602
300 28912
300 28658
300 29278
300 27213
300 27446
300 28570
300 38270
300 28525
300 33534
300 32764
300 30443
300 51280
300 31270
300 42539
300 30819
300 28601
300 28772
300 37248
300 25983
300 35171
300 29308
300 35097
