800 20066
800 25647
800 19221
800 22951
800 16529
800 23068
800 18416
800 17762
800 22783
800 27499
800 17078
800 17742
800 25835
800 14952
800 33669
800 20039
800 73123
800 18193
800 17996
800 34628
800 14438
800 38169
800 94076
800 22630
800 32300
800 23112
800 30200
800 36763
800 14705
800 47720
800 17410
800 82120
800 26576
800 14087
800 55575
800 25798
800 19331
800 37039
800 15709
800 26992
800 28391
800 18878
800 17170
800 111920
800 17001
800 20931
800 86352
800 21745
800 18178
800 18669
